#riadok x stlpec = pociatocnyStav = cielovyStav
# !skip preskoci riadky az po !endskip
# !average zoberie vysledky heuristika po !endaverage
!skip
!block
!endskip

1x5=0,1,2,3,4=0,1,2,4,3

!skip
!show
2x4=0,1,2,3,4,5,6,7=3,2,5,4,7,6,1,0

!endskip

-3x3=1,5,2,7,0,4,6,3,8=1,2,3,4,5,6,7,8,0

#testy na hlavolamoch zo http://www2.fiit.stuba.sk/~kapustik/MN%20hlavolam.html
2x3=0,1,2,3,4,5=3,4,5,0,1,2
2x4=0,1,2,3,4,5,6,7=3,2,5,4,7,6,1,0
3x3=0,1,2,3,4,5,6,7,8=8,0,6,5,4,7,2,3,1
2x5=0,1,2,3,4,5,6,7,8,9=4,3,2,6,1,9,8,7,5,0
3x4=0,1,2,3,4,5,6,7,8,9,10,11=3,2,1,0,11,6,5,4,7,10,9,8
!skip
2x6=0,1,2,3,4,5,6,7,8,9,10,11=5,10,3,2,7,1,11,4,9,8,6,0
!block
!endskip

-3x-3=1,5,2,7,0,4,6,3,8=1,2,3,4,5,6,7,8,0

#vygenerovane pomocou https://deniz.co/8-puzzle-solver/
!average
3x3=1,5,2,7,0,4,6,3,8=1,2,3,4,5,6,7,8,0
3x3=2,7,0,6,3,4,8,1,5=1,2,3,4,5,6,7,8,0
3x3=1,6,2,4,3,8,7,0,5=1,2,3,4,5,6,7,8,0
3x3=2,1,3,4,7,6,5,8,0=1,2,3,4,5,6,7,8,0
3x3=5,0,2,8,4,7,6,3,1=1,2,3,4,5,6,7,8,0
3x3=8,6,7,2,5,4,3,0,1=1,2,3,4,5,6,7,8,0
!endaverage

#obratene
!average
3x3=1,2,3,4,5,6,7,8,0=1,5,2,7,0,4,6,3,8
3x3=1,2,3,4,5,6,7,8,0=2,7,0,6,3,4,8,1,5
3x3=1,2,3,4,5,6,7,8,0=1,6,2,4,3,8,7,0,5
3x3=1,2,3,4,5,6,7,8,0=2,1,3,4,7,6,5,8,0
3x3=1,2,3,4,5,6,7,8,0=5,0,2,8,4,7,6,3,1
3x3=1,2,3,4,5,6,7,8,0=8,6,7,2,5,4,3,0,1
!endaverage




